# Студент Минаева\Осипов, группа Б03-504
# Симуляция на основе генератора псевдослучайных чисел
# Распределение: pareto, интенсивность mu = 8.0, показатель alpha = 2.0
0
8
1
20
5
0
5
4
6
32
12
4
4
10
2
0
4
1
3
3
1
0
6
1
9
0
25
1
2
35
2
46
1
17
16
4
20
7
4
0
7
0
0
0
2
0
3
12
13
7
0
0
0
1
10
5
2
0
0
49
6
1
83
0
2
0
20
1
8
0
2
1
1
1
5
10
8
1
1
3
3
1
7
4
0
0
0
4
7
27
0
2
0
4
0
3
4
18
0
0
1
7
0
6
4
1
0
1
0
2
0
1
1
7
9
0
0
34
3
1
0
1
1
18
1
2
0
4
162
2
2
9
1
6
0
2
7
0
3
2
2
6
0
4
2
6
0
3
0
27
1
1
3
118
15
8
0
4
5
9
7
1
12
1
32
0
0
0
0
0
0
1
1
13
2
118
0
13
0
7
1
5
5
0
18
3
9
4
0
8
8
0
52
77
3
3
0
0
1
3
2
0
2
2
21
1
1
0
17
32
7
10
7
1
3
7
12
3
5
0
1
5
0
1
1
1
12
2
1
0
11
4
2
3
2
18
15
11
2
8
4
1
5
2
1
5
1
12
9
0
2
3
6
1
1
3
24
10
24
1
1
6
10
5
10
4
2
9
3
7
0
1
0
1
69
2
14
4
28
5
0
0
2
11
2
11
1
3
4
1
1
1
2
1
12
11
7
2
2
1
37
7
1
2
2
6
2
3
0
6
49
30
7
0
19
0
1
5
7
0
0
20
7
6
15
14
4
1
5
0
6
2
2
4
2
8
0
0
12
5
2
1
2
7
0
4
2
3
1
18
5
2
10
8
6
0
0
2
2
36
4
3
6
0
7
3
6
14
0
0
2
0
39
5
4
1
2
58
4
3
10
2
13
1
41
2
2
10
9
12
3
2
3
17
5
0
1
0
3
1
2
10
3
9
4
12
10
0
1
0
1
1
10
2
3
3
4
3
2
6
3
13
0
7
12
23
7
2
0
2
0
0
0
13
3
0
6
14
2
1
25
4
2
2
1
4
6
1
2
1
0
10
1
0
1
0
9
4
1
0
10
6
5
6
0
0
0
1
8
1
9
0
17
5
0
2
0
47
23
1
0
10
9
78
4
6
31
33
9
8
0
8
4
25
2
1
0
2
39
4
12
2
4
2
27
5
5
9
2
2
3
17
2
10
5
1
6
3
1
2
0
2
5
1
2
10
7
2
7
0
6
0
5
188
4
5
1
1
0
17
39
4
13
11
11
0
0
11
11
2
11
3
6
21
0
1
6
0
0
5
3
10
18
0
4
6
5
5
3
1
0
0
2
46
18
2
0
3
0
0
61
1
1
30
1
2
10
3
0
0
23
13
0
1
5
5
2
4
2
45
25
0
0
18
5
3
3
0
1
48
4
8
2
21
0
0
0
1
1
0
4
1
0
0
5
7
0
0
0
4
22
5
0
0
0
1
6
2
8
5
0
14
9
0
51
28
3
0
13
4
0
5
96
5
15
1
1
0
1
2
1
31
11
3
0
0
12
7
0
55
0
0
5
4
0
3
3
5
9
0
15
23
20
5
3
2
0
0
8
6
7
1
2
12
0
5
9
0
1
12
1
5
12
39
2
14
3
3
4
2
11
2
3
2
1
0
6
2
0
29
0
9
0
0
7
0
0
0
7
0
1
1
0
3
5
1
27
0
2
1
1
3
4
0
2
5
1
1
0
13
7
0
0
8
8
13
6
10
0
1
8
3
12
2
4
3
0
0
8
6
0
9
1
0
2
9
0
6
11
0
36
1
9
15
1
2
3
20
1
14
49
3
3
3
0
16
6
8
0
0
9
5
17
1
0
0
28
0
8
48
3
2
2
7
0
9
8
1
8
12
5
36
1
9
3
8
5
0
0
27
0
2
2
0
2
5
0
3
18
12
1
12
1
7
13
3
0
9
4
4
1
0
1
4
2
0
2
3
0
3
5
1
0
1
5
5
10
2
4
5
0
5
36
13
25
13
16
5
0
3
19
2
1
0
0
6
76
2
48
5
0
10
1
0
3
69
16
1
0
14
2
4
35
0
79
15
13
6
1
0
7
9
20
4
0
7
26
0
0
1
0
0
27
2
4
0
1
8
9
2
3
3
2
0
0
1
38
39
21
2
1
2
2
5
2
1
3
8
1
2
31
1
16
0
8
0
6
39
2
0
0
9
10
3
3
4
54
0
2
19
0
16
19
3
159
4
3
16
5
0
28
6
0
2
7
17
3
2
0
3
7
2
0
0
1
7
4
9
2
2
27
5
6
1
6
6
4
0
30
15
7
11
4
0
5
88
2
27
2
15
2
2
2
11
2
2
20
6
5
7
4
5
5
6
0
6
1
1
8
5
2
0
4
8
14
24
5
8
3
0
1
5
2
7
18
2
0
18
1
20
39
0
0
3
1
0
15
5
3
8
1
1
4
35
2
1
0
14
1
1
7
0
0
0
1
0
4
57
0
3
2
4
2
10
2
8
14
31
0
5
2
0
62
2
2
0
0
25
46
6
7
8
1
0
0
0
5
1
6
7
4
9
1
0
7
37
0
6
8
6
0
1
0
3
4
2
0
3
0
2
12
1
1
7
2
2
1
42
15
4
2
2
0
9
7
6
1
33
3
1
8
1
8
7
11
3
2
19
3
4
5
5
21
4
3
8
6
3
1
2
2
0
0
1
5
1
0
7
6
1
11
3
1
32
2
18
3
15
13
3
3
1
1
1
0
3
5
7
0
5
5
3
3
3
11
2
0
4
77
11
5
2
0
2
5
3
5
28
28
2
2
3
2
1
11
0
1
3
1
9
1
4
10
18
1
1
3
18
6
0
0
24
0
0
13
30
0
16
2
1
7
28
3
2
3
6
13
6
0
0
7
1
1
0
0
11
1
28
1
27
0
0
9
1
0
0
3
17
3
2
10
3
3
8
9
0
3
5
45
0
2
14
12
3
6
12
0
17
3
2
11
9
0
0
45
6
0
4
3
6
12
3
8
4
4
11
1
3
9
20
8
0
7
9
2
3
4
2
5
38
6
1
13
9
5
1
1
12
1
0
1
7
0
6
15
4
7
2
0
3
6
7
8
16
14
2
2
15
2
86
3
1
0
0
2
0
3
83
3
1
18
1319
4
3
2
1
1
1
8
11
3
5
0
7
0
5
1
2
9
9
3
3
1
4
4
4
0
7
0
6
4
4
1
3
8
3
1
13
0
0
1
1
1
2
28
12
9
2
1
12
1
6
3
19
0
10
0
0
0
1
0
0
7
20
0
20
5
17
6
1
9
2
0
4
26
2
1
1
9
3
0
1
0
0
8
14
4
0
2
0
7
4
7
4
12
6
8
8
2
15
0
5
14
3
3
11
5
6
108
0
2
0
2
0
2
21
2
20
0
3
3
10
28
2
2
0
1
0
15
32
16
2
41
1
3
2
22
0
53
0
0
2
1
0
18
0
5
4
4
5
4
11
0
1
0
5
1
0
1
1
3
18
1
2
5
97
0
2
1
1
5
0
1
3
4
0
5
0
11
20
0
4
17
1
12
3
1
11
15
8
14
5
15
1
2
0
2
6
2
6
1
0
1
1
6
60
4
2
15
4
1
2
2
1
5
1
22
18
0
63
0
3
27
1
3
61
2
1
0
1
1
4
10
0
1
0
48
4
1
2
3
90
0
16
1
2
8
16
2
1
3
25
6
0
0
12
13
2
0
4
8
5
0
3
7
68
10
11
1
11
4
0
2
1
1
2
9
0
0
2
0
4
4
18
22
0
1
1
4
0
1
4
3
0
4
5
2
2
3
7
4
0
1
3
16
6
4
5
9
6
11
1
2
3
0
1
4
1
2
3
34
5
49
7
0
1
17
3
0
4
1
1
9
16
8
3
4
2
20
24
1
40
5
0
35
0
2
2
1
1
4
4
1
3
6
1
0
7
2
3
10
8
0
12
3
14
21
9
36
1
2
5
6
0
5
0
3
4
6
3
3
0
7
7
10
2
13
0
3
1
1
3
10
7
1
9
2
5
3
20
0
0
7
6
13
3
0
5
1
13
1
2
7
0
0
19
2
0
11
10
12
0
8
3
18
2
9
1
0
0
5
3
2
0
18
0
0
3
0
3
1
11
5
4
5
3
10
8
3
3
12
0
22
5
3
18
14
0
1
0
3
0
5
10
4
1
1
15
0
1
1
16
9
3
0
1
5
42
3
0
11
3
4
1
0
4
2
3
5
4
55
14
4
23
0
24
19
1
1
3
5
4
72
30
3
2
1
9
0
14
13
2
6
5
3
1
3
6
0
6
1
0
2
33
2
3
45
1
0
58
3
7
0
1
0
34
1
2
4
6
8
0
0
2
12
1
2
8
1
0
1
0
1
1
24
0
6
1
3
0
0
2
0
0
3
1
46
1
0
21
15
6
12
1
0
4
2
1
1
4
4
17
1
6
0
24
2
5
7
4
14
1
10
0
4
1
5
13
8
1
0
0
7
2
11
10
6
2
2
2
1
13
2
3
7
5
2
1
4
1
6
4
0
4
0
0
1
1
0
3
0
3
0
0
0
7
6
0
2
1
1
33
0
2
9
4
0
13
57
1
9
4
30
1
23
0
14
7
1
10
17
1
0
0
9
3
4
7
2
0
0
2
3
26
4
0
2
2
7
6
0
48
3
3
14
4
7
7
0
4
1
3
6
0
117
3
6
0
10
2
6
39
1
2
10
0
1
7
3
4
5
11
3
0
15
3
0
9
2
3
1
22
4
2
30
0
12
6
4
0
0
13
6
67
1
1
7
1
5
6
4
6
15
22
4
0
6
2
4
5
3
11
3
0
1
0
1
2
2
2
23
9
5
10
0
0
10
5
0
3
6
4
0
21
4
0
9
5
2
37
1
0
35
1
13
28
2
1
2
0
3
2
4
0
4
3
20
26
7
21
2
8
1
3
4
1
0
31
2
1
0
1
4
17
5
37
4
0
0
5
1
0
0
1
1
0
21
2
1
0
14
20
13
8
13
5
26
2
1
1
0
0
23
80
2
6
5
17
0
2
0
36
2
27
3
0
3
0
12
6
0
0
1
2
12
25
1
0
14
12
0
15
0
1
2
1
19
1
3
0
0
0
2
20
2
5
4
2
0
8
16
4
15
9
1
4
1
7
4
8
1
3
1
5
15
11
1
14
1
0
18
10
9
8
0
1
1
1
7
2
0
3
4
0
12
0
7
0
0
1
1
1
4
1
11
3
5
1
13
3
7
1
17
1
26
2
1
1
0
0
0
5
0
1
1
8
1
1
6
12
0
7
1
0
5
0
2
2
2
1
1
3
13
2
1
2
2
25
13
3
9
4
0
9
2
6
0
0
0
42
3
2
26
15
3
32
0
0
5
10
6
9
7
3
1
0
4
0
7
14
2
11
0
2
0
2
1
4
0
8
7
9
5
0
21
3
1
1
2
1
1
4
5
6
20
1
0
2
54
12
0
4
4
8
3
18
1
1
0
2
3
1
2
3
0
5
1
5
1
0
9
5
0
3
1
10
10
3
8
0
11
9
1
0
2
0
4
0
33
13
2
8
14
1
72
22
182
3
1
2
5
25
0
12
0
0
1
1
13
1
0
1
4
2
1
29
23
0
8
2
1
2
7
4
3
14
1
2
5
0
3
28
15
5
2
0
8
0
0
0
2
14
1
1
4
1
6
2
2
0
8
5
21
1
3
1
12
1
9
7
3
13
0
7
3
4
6
3
14
9
0
0
1
5
5
9
5
87
6
16
29
4
0
29
1
2
3
0
0
0
2
0
4
2
3
8
1
1
2
0
8
4
13
2
8
3
3
10
68
3
12
9
48
1
3
1
2
0
11
0
0
2
4
0
0
1
0
0
0
0
2
0
1
0
1
0
12
53
0
1
5
1
1
2
4
2
3
3
3
5
1
2
0
5
0
19
32
0
3
6
11
1
5
10
4
23
1
0
2
1
16
1
0
0
11
39
0
1
0
2
0
2
1
5
15
5
0
11
7
3
3
1
3
6
34
2
1
11
15
8
22
21
3
15
8
3
0
12
4
4
28
5
3
9
25
4
17
0
1
0
13
0
0
3
4
2
3
67
10
8
11
0
1
9
15
1
0
5
0
1
2
2
9
0
1
28
1
0
0
5
9
7
2
0
6
9
1
1
0
1
1
43
35
3
4
1
3
2
23
9
3
1
7
10
1
5
0
0
7
0
0
12
8
2
4
7
2
8
0
2
3
4
11
16
15
3
0
3
1
20
4
36
1
0
13
0
0
1
0
6
1
0
1
3
4
13
1
1
2
1
2
2
0
2
0
0
0
2
257
1
1
1
1
0
0
2
0
1
0
3
6
5
2
0
21
12
0
3
5
4
20
0
4
7
0
3
9
1
9
2
35
0
2
2
0
3
1
0
0
5
4
1
2
1
2
2
14
1
3
3
2
13
0
13
36
2
3
3
15
4
1
0
14
16
1
5
1
9
0
0
3
0
3
3
0
12
5
31
0
26
2
3
15
0
6
4
8
3
6
10
2
1
3
0
0
2
5
2
2
1
5
4
2
0
1
1
0
4
2
2
12
1
0
10
0
0
0
9
65
2
5
5
95
0
1
1
4
2
1
54
0
8
1
2
2
17
3
0
0
0
17
3
2
0
1
5
5
4
4
3
13
1
19
5
0
0
20
5
0
26
0
9
3
2
14
14
3
164
1
41
0
27
0
3
0
0
18
1
5
0
4
11
2
13
5
0
29
17
9
0
0
0
18
23
1
2
2
11
1
11
5
1
0
14
0
2
14
0
2
13
2
5
0
1
5
3
0
0
4
0
5
0
0
13
2
0
3
11
0
17
2
7
2
1
2
1
6
7
3
50
0
8
18
0
0
1
0
3
0
6
3
1
19
5
6
39
35
0
10
42
0
22
5
9
2
0
0
4
2
0
6
52
0
9
1
3
0
16
7
0
4
18
12
2
2
0
30
1
28
0
7
1
0
11
0
5
5
2
1
1
6
5
4
2
1
1
2
23
23
1
16
0
2
10
8
1
0
2
0
17
8
3
1
1
5
10
5
1
18
5
2
0
1
35
27
3
1
17
3
31
1
1
18
17
2
14
2
1
2
11
4
1
0
5
2
13
6
0
12
3
5
2
2
3
0
27
3
28
23
7
0
0
0
6
0
0
0
0
1
2
0
1
1
9
1
0
0
2
0
49
1
2
0
4
0
0
1
3
1
8
0
0
3
22
1
5
2
7
14
1
15
6
0
11
5
97
2
8
1
1
0
0
2
0
1
10
4
7
0
10
9
2
1
0
0
5
2
11
26
1
7
1
8
11
3
0
1
21
3
4
8
0
3
0
5
0
3
0
0
0
52
2
35
0
14
0
0
0
4
1
9
34
0
4
0
7
3
1
23
2
8
1
4
6
7
4
0
0
51
3
5
0
18
8
0
1
2
4
5
7
1
3
4
2
2
8
0
5
2
0
10
8
0
13
3
0
4
29
1
13
69
1
13
0
8
2
11
40
7
0
1
0
0
0
0
3
13
2
19
4
2
1
2
33
19
2
4
10
6
0
63
1
2
3
14
5
7
1
6
1
1
0
4
11
6
0
2
0
4
0
15
83
1
3
67
57
0
0
3
1
4
4
13
10
6
0
9
0
0
0
8
1
0
5
8
12
1
13
6
0
6
15
4
1
4
28
6
1
2
1
0
1
0
1
0
6
18
1
39
1
2
4
0
5
4
3
22
2
3
60
3
2
5
0
0
1
2
0
29
2
2
0
11
1
15
9
9
7
8
1
2
1
0
10
1
0
7
10
1
2
1
3
1
0
3
1
2
2
6
2
0
7
0
1
11
0
3
1
8
1
0
3
0
4
3
1
33
5
1
12
2
0
1
0
6
0
7
0
6
2
0
4
0
0
5
219
0
1
5
4
5
0
1
7
18
1
22
34
0
2
5
2
2
12
2
0
1
17
1
8
10
12
2
24
1
12
179
6
10
4
5
19
13
2
15
20
3
6
5
0
12
3
2
2
14
20
70
11
15
0
101
3
1
23
1
1
1
3
20
1
7
1
10
5
8
1
1
2
4
41
2
0
3
2
1
1
1
3
5
1
7
8
2
2
6
8
35
7
2
9
2
0
21
2
0
2
20
10
1
12
2
1
0
66
29
1
6
1
3
1
3
16
1
1
1
45
3
3
2
43
2
1
2
1
5
0
1
0
7
0
0
4
0
1
4
7
8
1
2
65
16
5
0
18
1
9
0
8
25
2
0
3
5
3
11
3
0
0
1
0
4
11
1
1
0
2
1
0
9
1
2
4
8
21
1
7
0
0
2
32
10
3
11
4
15
2
0
4
0
1
6
6
1
3
3
1
20
19
2
0
111
1
1
0
1
3
9
3
68
3
6
7
12
1
3
8
0
0
0
1
29
3
35
1
1
4
3
0
3
3
6
0
4
2
5
3
5
5
0
1
1
8
6
3
1
1
3
0
3
23
1
2
2
0
0
2
1
1
3
14
1
0
3
4
29
3
6
9
0
5
2
22
0
1
9
5
10
0
3
8
6
3
0
17
5
3
17
5
0
0
1
5
0
0
3
0
15
2
38
3
3
1
1
2
1086
8
1
29
0
66
5
4
2
5
6
2
6
0
14
4
2
0
18
5
3
22
1
2
2
4
1
0
9
0
15
1
94
4
1
0
4
4
8
1
1
3
52
3
1
11
10
2
19
7
0
0
8
8
9
0
1
0
3
1
2
2
1
5
10
1
0
7
4
5
1
0
1
0
0
2
2
0
0
6
0
1
27
10
1
86
19
3
1
9
34
2
9
0
4
6
4
1
10
13
5
2
1
0
0
2
1
5
22
7
7
2
2
27
2
3
0
1
3
4
0
26
6
1
0
2
2
0
8
1
1
2
4
0
3
8
0
0
2
3
0
6
0
0
0
15
0
4
1
0
0
1
13
10
5
1
4
2
5
5
1
24
1
0
3
6
7
4
0
0
10
5
1
0
2
1
16
26
3
25
0
2
2
3
0
1
# количество точек 4000
