# Студент Минаева\Осипов, группа Б03-504
# Симуляция на основе генератора псевдослучайных чисел
# Распределение: pareto, интенсивность mu = 8.0, показатель alpha = 1.0
5
48
10
1
9
2
4
4
20
0
6
5
18
17
21
4
1
5
59
5
5
10
2
3
5
19
18
1
29
1
3
1153
6
31
4
12
9
31
21
19
55
0
26
12
5
0
0
8
8
20
16
1
13
1
6
75
98
12
32
31
25
5
10
12
19
0
7
2
4
54
2
0
2
2
21
4
363
17
7
155
1
78
358
15
4
10
10
4
5
0
17
155
0
1
4
227
10
6
228
88
6
4
29
43
2
13
34
16
56
9
23
2
41
17
22
25
19
3
5
48
6
3
143
10
0
86
19
1
0
6
1
1
0
0
62
2
7
22
543
6
6
10
0
2
43
3
46
3
1
107
40
3
0
238
50
47
3
10
9
5
77
57
2
4
27
204
1
30
10
1
5
57
62
9
73
6
1
4
53
5
108
2
31
5
9
4
66
12
2
60
22
19
16
18
1
3
59
1
24
44
2
2
8
24
7
21
3
6
6
14
1
488
4
1
4
2
12
24
3
0
10
10
24
88
41
0
18
3
3
1
54
1
8
3
3
0
24
4
62
18
3
29
6
24
7
1
0
37
0
74
436
51
14
17
6
9
0
6
1
5
4
1
5
344
17
1
29
16
25
65
8
50
9
13
100
7
0
103
7
1
6
24
7
6
5
6154
44
0
4
23
18
73
0
5
1
0
2
29
2
0
1
1
760
0
1
13
12
14
16
2
5
15
1
0
12
1
14
44
6
306
37
2
33
5
1
18
4
1
10
15
42
95
44
17
7
2
0
3
9
23
9
29
39
326
0
2
2
16
3
1
20
0
1
31
0
25
17
4
1
1
3
0
16
4
3
5
4
105
2
23
8
2
7
38
311
24
15
9
0
3
0
31
3
5
4
1
351
7
13
172
5
12
6
13
3
64
67
47
7
29
23
9
63
638
13
15
10
64
2
13
4
2
26
28
5
1
32
2
14
25
0
114
15
1
2
22
38
46
0
11
43
2
3
4
3
1
109
1
23
3
7
73
15
20
6
2
1
0
6
8
3
9
7
16
34
1
14
5
354
9
3
5
11
3
0
53
3
77
0
15
39
57
342
448
8
43
144
7
40
1
22
25
0
22
1
163
5
15
7
4
4
62
10
8
0
59
20
33
17
15
13
709
3
282
2
1
12
5
1
2
4
1
3
12
39
4
4
9
16
3
34
42
25
2
15
21
0
29
4
10
5
24
101
3
4
424
50
21
30
15
13
3
3
3
2
45
1
12
11
21
2
12
109
25
9
1
0
39
214
40
9
6
20
3
134
343
10
1
2
17
49
2
0
21
10
0
3
0
11
4
0
1
8
0
0
5
13
8
0
7
1
70
4
21
21
5
1
2
4
68
27
3
4
8
17
12
2
13
2
1
1
0
13
43
19
43
14
8
2
3
5
21
11
17
0
15
17
20
0
28
5
4
3
6
0
56
7
5
26
1
7
25
689
3
13
14
0
4
194
15
2
0
215
2
30
8
6
7
36
67
275
1
10
34
20
48
41
10
4
11
14
80
7
22
7
17
4
22
0
5
6
10
55
53
16
38
7
2
25
50
0
12
16
5
74
2
3
1
0
1
4
35
14
6
0
10
0
10
3
13
11
1
2
11
2
19
1
23
18
122
8
1
0
0
111
1
1
5
1
9
20
0
13
6
0
2
91
11
43
2
11
2
36
0
3
14
7
2
4
6
15
0
3
10
1
2
4
16809
4
49
0
2
4
5
10
6
1
6
7
0
1
95
0
0
16
2
0
7
8
0
5
0
25
11
75
0
4
5
5
32
0
0
33
107
0
11
3
12
11
47
51
33
2
0
8
2
57
74
2
13
3
2
7
3
6
5
27
3
15
52
1
23
25
2
8
50
11
0
0
946
23
18
43
216
0
1622
116
61
12
9
139
20
99
11
19
2
7
2
37
66
1
1
5
1237
11
35
7
4
195
288
1
41
2
1
2
48
0
3
5
10
15
2
126
6
6
0
9
0
2
1
761
5
7
50
72
8
34
19
0
2
9
26
44
13
11
36
9
6
46
22
1
6
9
16
7
9
0
20
2
13
14
4
1
1345
5
14
5
2
6
0
2
4
2
2468
0
0
99
4
731
0
60
0
65
0
17
8
33
7
0
8
6
7
13
8
16
3
9
4
228
0
26
16
9
5
2
1
367
70
387293
0
9
8
0
7
1
9
3
11
450
103
1
67
1
12
3
602
13
4
7
2
12
66
46
59
5
701
1
13
5
8
53
25
1
9
0
6
23
2
783
0
18
22
1
6
15
17
16
8
8
14
27
25
103
9
8
0
28
4
8
0
8
2
1
6
2
1
0
240
10
0
23
3
6
179
10
64
23
1
14
68
757
3
0
19
21
132
3
14
3
5
2
3
8
2
11
2
91
13
48
1122
2
2
62
1
3
5
0
4
0
294
82
56
19
0
0
98
6
27
74
0
0
2
4
17
4
12
95
1
5
3
3
1
0
47
2
6
1
2
2
55
6
214
40
184
1
8
68
14
0
14
12
15
12
19
0
25
18
3
1176
32
0
8
367
35
8
1
5
3
77
0
0
1
6
44
0
2
20
0
3
3
166
1
10
2
7
6
2
18
3
9
416
25825
11
8
27
5
2
1
28
15
56
29
0
0
68
14
20
1
23
1
8
22
426
13
51
15
0
49
50
6
10
30
4
2
0
2
0
5
1153
8
20
8
10
0
0
68
0
0
25
20
22
0
15
12
2
6
60
6
38
1
17
16
59
11
26
6
1
0
7
24
20
67
3
0
11
3
5
17
15
4
10
7
4
4
26
9
27
24
12
1
6
8
9
9
4
59
2
0
7
0
18
15
0
111
27
6
4
20
2
1
1
28
1
29
4
7
29
3
1
1
1
1
11
353
3
16
2
3
172
33
2
12
6
1
58
4
11
19
0
0
0
1
4
5
15
411
14
32
12
2
2
0
0
16
55
4
11
15
3
0
2
10
9
17
0
20
9
7
1
60
19
7
1
70
86
2
19
3
7
0
65
10
37
1
4
48
5
71
102
9
5
27
68
18
2
0
1042
61
20
20
1
31
1
15
10
6
2
31
146
18
30
7
22
24
12
7
0
18
4
12
0
2
34
8
7
57
2
220
1
20
8
0
6
12
1
17
7
62
0
20
4
0
35
27
7
0
44
4
2
1036
0
7
17
3470
6
13
53
5
10
1
3
6
145
13
1
317
2
24
3
0
5
50
3
7
0
1
15
17
3
13
2
1
1
0
1
367
22
4
3
5
71
504
52
9
7
3
10
22
1
66
4
2
10
9
3
11
10
0
2
1562
7
0
29
43
22
21
3
11
9
18
7
5
2
36
15
11
24
0
44
12
7
2
28
1
2
24
4
9
5
11
131
18
0
0
0
12
39
10
2
3
37
13
4
25
15
19
2
11
1
4
1
2
7
2
6
3
24
8
0
78
16
12
91
52
2
22
15
9
1
2
11
332
17
19
1
0
3
1
4
0
4
15
0
26
14
1
5
2
1
5
1
12
7
1
0
0
1
3
10
10
79
57
1
107
4
1
178
7
10
5
1
24
0
32
30
13
17
654
2
5
9
0
4
12
63
47
74
17
48
0
0
37
2
12
4
83
0
5
3
3
1
8
25
38
1
12
5
12
3
8
3
1
4
6
10
5
9
1
0
0
21
19
66
6
13
18
7
4
15
2
1
0
14
9
21
36
215
35
12
17
0
4
2
7
19
8
1
2
1
1
150
0
4
233
1
17
1
14
5
3
12
17
27
31
4
3
1
12
4
80
0
0
1
2
10
27
17
21
0
10
25
5
1
5
5
9
2
17
0
3
0
108
8
1
5
11
36
14
8
12
21
21
5
0
12
2
5
2482
0
3
10
67
160
92
58
1344
0
3
5
1
9
5
37
2
5
3
2
75
42
1
139
11
20
1
28
10
0
12
0
2
10
14
4
2
11
0
18
0
2
10
4
0
4
1
3
2
2
67
191
5
1
153
14
4
58
34
11
9
7
38
11
3
5
4
6
33
1
8
2
84
0
13
18
4
2
583
52
6
0
24
16
132
7
1
1
3
7
35
27
308
2
1
332
0
12
7
29
6
1
15
19
18
10
6
19
65
99
0
15
4
147
2
1
7
4
9
71
327
1
19
68
0
15
0
15
10
1
3
36
82
23
28
4
1
0
6
0
23
0
0
2
7
14
85
6
0
46
3
26
45
216
9
2
21
26
1
16
3
3
1
4
30
2
4
2
6
12
12
8
1
158
12
3
22
26
144
113
14
1
2
2
25
124
26
18
5
103
18
14
41
1
7
23
24
0
11
28
9
112
18
4
3
3
1
0
10
0
1
4
5
4
9
0
7
16
18
2
16
3
51
2
12
9
14
2
9
16
2
47
177
0
5
0
16
4
74
146
67
5
0
2
26
1
50
0
37
42
26
11
3
6
33
3
0
6
1
1
4
3
10
6
1
3
4
23
0
171
0
22
181
0
71
14
6
14
8
3
54
740
2
0
1
11
8
0
11
22
2
188
6
195
19
2
2
5
210
15
0
36
12
44
11
5
4
2
41
20
140
1
11
73
9
19
23
15
5
154
0
0
179
18
14
15
10
1
3
2
2
0
4
22
2
34
1
4
9
3
88
0
0
15
4
3
6
10
36
2
8
9
13
5
83
21
0
5
6
4
114
1
6
1
4
0
15
130
12
5
2
6
1
8
4
12
16
17
5
6
28
1
4
1
4
2
9
6
0
6
8
6
1
2
8
3
18
4
88
3
58
0
6
0
30
2
113
2
2
17
16
3
1
0
23
1
1
40
80
81
7
24
23
3
8
1
3
64
13
13
0
5
0
42
6
19
98
7
0
1
50
43
202
3
7
2
1
1
0
26
361
86
1
4
7
1
19
323
58
5
2
5
1
2
1
139
13
8
30
4
79
2
17
2
113
17
18
21
4
2
0
1
21
14
4
12
275
3
203
6
23
2
0
12
68
59
8
25
80
11
45
52
13
3
18
5
3
54
17
6
15
81
19
0
37
12
43
13
6
29
22
56
7
18
16
4
2
4
3
32
1
73
1
3
8
30
75
10
3
2
5
3
3
6
0
0
10
2
160
6
6
2
58
12
6
66
31
3
5
9
2
1
2
2
198
0
3
636
5
3
152
16
3
21
8
29
7
35
3
2
1
4
0
13
44
639
27
3
4
1
9
17
15
12
2
10
71
1
1
11
0
1
22
10
449
25
10
51
14
19
214
1
5
15
3
18
18
22
1
1
2
0
4
1
135
7
387
17
11
100
3
7
6
10
18
0
1
2
9
0
1
2
8
6
1
40
411
1
39
0
0
57
48
10
1
333
13
11
7
345
3
104
10
9
0
2
8
32
0
23
201
9
4
0
812
13
9
6
4
0
26
0
14
3
13
6
27
9
5
80
25
2
5
64
21
5
9
4
7
0
1
91
1
27
2
5
24
2
1107
0
78
27
5
18
24
5
49
19
2
241
31
0
0
7
12
2
1
46
3
1
1
44
2
914
6
1
15
0
30
0
13
9
2
0
74
50
12
4
5
0
15
54
3
1525
11
1
329
3
33
47
14
34
2
1
29
4
5
0
6
75
1
37
1639
5
14
13
17
2
119
4
32
12
4
0
8
4
32
32
25
17
57
70
67
30
189
11
12
787
47
6
4
17
7
6
10
4
30
33
11
18
1
3
1
0
54
202
3
11
10
4
2
17
7
1
0
0
2
4
3
106
9
10
20
70
1
30
8
9
2
9
2
18
1
245
55
1
3
14
2
4
8
37
0
2
4
42
25
0
34
8
12
57
1
7
2
89
554
151
14
2
1
0
79
0
19
1
36
13
20
0
98
25
2
1
5
2
31
4
79
6
1
67
0
6
5
16
22
3
6
7
0
0
0
11
4
101
6
0
4
6
10
0
2
174
0
108
0
6
1
15
3
9
12
1
6
2459
12
1
32
38
1
5
2
8
0
10
7
222
0
103
2
37
3
4
25
22
3
46
1442
11
6
4
2
8
16
22
49
12
29
99
32
0
4
3
6
6
720
19
4
38
0
58
6
0
28
257
13
14
9
4
9
3
7
2
74
8
5
4
5
112
180
7
0
18
11
19
2
4
2
10
39
235
9
6
11
11
7
639
22
62
86
1
2
1
16
0
19
45
18
4
59
54
23
5
0
5
2
14
14
3
92
163
20
1
3
2
1
2
4
43
4
9
4
45
1
27
4
73
2
3
1
9
4
1
32
5
4
188
0
240
4
0
6
87
26
8
37
14
0
0
7
3
3
6
163
4
32
4
122
6
2
5
0
3
3
9
35
2
10
20
20
9
6
11
3
4
2
0
48
13
14
6
0
17
14
518
0
4
0
0
78
39
2
3
0
38
7
2
4
0
2
7
18
3
124634
2
9
10
12
185
1
0
74
1050
2
16
0
85
688
10
13
65
5
408
26
19
204
0
60
1
33
0
11
0
8
100
7
27
10
83
30
4
9
1
55
1
40
6
1
1
6
1
32
0
8
2
11
0
1
4
18
67
0
17
0
2
1929
19
12
273
7
1
34
17
14
0
50
11
2
0
59
5
4
38
120
44
8
26
1
20
2
12
16
1
16
0
3
6
51
126
10
1
0
3
11
4
1
50
4
6
28
7
5
12
10
126
132
0
7
9
38
6
10
0
3
19
46
8
38
15
3
32
0
11
206
1
502
4
71
3
0
105
37
22
28
3
3
2
15
29
1
10
23
13
3
18
1
5
1
7
22
15
5
4
64
3
2
1
60
31
2
7
11
11
0
7
1
11
3
4
57
50
9
0
6
24
6
5
538
3
14
366
8
1
15
5
0
1
7
34
5
32
2
10
39
1
8
34
26
23
9
77
3
12
1
25
2
49
7
1
0
290
5
292
21
0
1
4
19
5
27
8
6
42
0
2
5
8
7
22
2
51
63
358
27
27
2
17
2
0
254
12
29
14
37
5
18
2
13
5
158
51
3
8
5
49
138
1
2
14
0
17
0
1
6
26
2
0
20
0
22
3
0
12
30
59
9
3
1
31
11
41
1
1
12
5
18
22
0
25
56
0
16
286
52
28
1
36
10
57
22
1
5
1
25
0
0
4
3
9
2
0
2
2
284
450
19
3
238
2
30
20
0
23
9
22
6
9
1
12
4
3
63
13
6
1
0
0
12
21
17
10
19
0
3
3
19
43
3
5
3
2
53
1
17
4
0
8
0
10
99
2
0
0
169
2
401
0
9
0
14
7
3
74
7
0
1
8
24
0
23
12
6
23
36
12
64
18
18
8
20
1
2
11
20
5
10
11
9
5837
26
36
1
105
15
47
2
5
21
21
16
10
0
5
1
35
96
11
56
5
1
34
0
0
4
41
66
17
2
2
6
18
18
15
436
17
0
3
3
7
1
49
4
9
5
9
1
5
14
22
7
29
7
1
3
1
1
17
1
6
28
5
9
5
8
0
1
9
2
5
0
1
29
249
2
18
24
25
11
4
4
5
195
71
521
10
3
317
1102
4
3
7
18
1
29
88
2
4
0
1
0
154
5
56
28
6
2
6
54
252
53
2
451
2
18
0
5
389
1
2
0
27
43
7
4
710
98
18
44
5
27
110
1
6
10
4
21
45
0
14041
0
0
16
63
2
58
3
3
1
0
7
6
19
10
57
8
1
33
2
0
1
3
2
6
445
0
189
7
6
4
14
34
29
2
13
9
0
1
1186
5
102
6
3
12
4
1
119
6
20
1
15
132
11
1
23
5
4
6
22
0
21
9
473
0
2
12
17
33
459
10
8
9
58
39
16
1
1
3
349
9
70
1
1167
1
2
24
1
43
17
14
3
28
3
3
55
7
4
12
6
0
1
2346
34
5
46
5
0
38
2
96
2
2
1
54
1
31
51
25
2
0
0
65
5
16
10
19
0
10
3
1
16
9
20
43
10
9
8
0
36
12
10
1
0
0
0
2
1
6
22
48
34
13
5
3
6
117
8
34
3
1
3
0
0
0
3
28
0
20
3
6
18
2
20
4
0
3
2
185
11
75
88
1
8
0
3
72
49
15
3
17
0
5
12
1
1
2
62
4
7
136
7
1
7
0
10
2
59
0
107
0
0
7
12
6
437
18
3
0
33
2
26
3
13
48
11
0
5
17
41
4
8
6
566
1
9
0
5
13
0
13
2
11
9
512
396
92576
10
0
4
4
11
0
49
301
4
0
9
6
5
1
27
9
1370
12
6
16
6
5
27
6
46
18
8
28
0
61
1
8
3
36
15
4
606
7
20
3
0
42
12
7
24
3
1
5
31
2
34
13
343
2
4
0
1
7
2
500
4
3
83
49
0
1
3
5
6
2
9
19
0
13
0
4
2
1
0
87
1
21
0
92
6
6
16
7
1
3
955
98
0
23
6
40
0
2
111
95
1
7
0
1
79
0
0
5
0
4
25
2
4
139
2
39
0
17
20
25
0
3
9
21
1
31
159
13
0
3
2
38
1329
1
68
36
20
2
8
1
3
1
7
113
3
3
9
8694
3
679
9
0
3
25
0
49
19
1
14
46
9
6
26
0
8
10
864
65
19
44
23
16
8
214
1
14
254
2
2
24
2
2
3
5
0
1
14
5
16
0
4
11
15
3
1
1
67
5
309
83
5
8
4
15
6
6
68
8
13
8
32
6
8
7
12
3
1
63
16
0
3
10
64
24
4
10
7
7
1
10
9
1
16
7
1
7
14
10
7
12
6
14
14
3
2
0
1
145
3
0
2
3
8
1
17
7
4
0
2
32
7
2
0
76
4
7
170
24
5
15
25
5
2
71
10
0
17
17
0
13
16
5
0
10
2
1
5
0
14
24
9
23
3
3
1
26
116
13
0
8
56
4
10
936
75
5
2
32
24
1
1
20
2
17
16
13
1
108
2
129
30
0
5
15
1393
4
73
0
13
19
6
6
24
7
12
2
61
11
2
1
6
0
11
28
0
4
2
7
23
8
104
2
1
0
8
251
3
18
3
118
0
51
518
58
1
3
4
18
0
1
7
19
17
79
1
10
17
# количество точек 4000
